data/test/images/1861.png,85,245,734,91,861,622,212,776
data/test/images/1860_2.png,106,275,834,121,966,743,238,897
data/test/images/1860.png,78,302,768,89,954,693,264,905
data/test/images/186-.png,75,316,771,77,970,656,275,895
data/test/images/1859.png,14,308,815,31,1000,706,248,983
data/test/images/1876_3.png,3,284,865,33,1000,785,223,1000
data/test/images/1876_2.png,90,340,709,45,980,613,361,908
data/test/images/1876.png,219,429,696,181,890,552,413,801
data/test/images/1876_5.png,38,320,867,25,1000,716,283,1000
data/test/images/1876_6.png,55,304,840,60,1000,735,265,979
data/test/images/1837.png,0,523,616,0,1000,453,409,1000
data/test/images/1843.png,0,548,642,0,1000,448,423,1000
data/test/images/1842.png,19,391,734,0,1000,599,351,993
data/test/images/1846.png,0,539,595,4,995,451,397,986
data/test/images/1846_2.png,18,421,711,0,1000,568,389,1000
data/test/images/1841.png,12,236,902,42,1000,791,176,985
data/test/images/1845_2.png,9,392,707,8,1000,603,336,987
data/test/images/1852.png,0,238,904,27,1000,781,166,992
data/test/images/1849.png,13,370,717,0,1000,628,348,1000
data/test/images/1841_2.png,15,374,727,0,1000,586,345,976
data/test/images/1846_3.png,39,311,780,60,1000,712,260,963
data/test/images/1856.png,116,446,646,90,927,509,397,865
data/test/images/1854.png,87,193,754,76,890,851,223,969
data/test/images/1856_3.png,72,369,792,71,1000,611,295,908
data/test/images/1853_3.png,70,287,838,118,981,766,213,935
data/test/images/1852_2.png,98,282,795,126,924,704,227,860
data/test/images/1853.png,40,399,714,36,1000,611,350,974
data/test/images/1853_2.png,0,376,774,0,1000,611,352,1000
data/test/images/1855.png,84,215,858,75,1000,876,229,1000
data/test/images/1858_2.png,83,339,720,123,905,668,268,884
data/test/images/1852_3.png,134,305,795,142,932,697,271,860
data/test/images/1867.png,43,214,881,70,1000,797,169,941
data/test/images/1869.png,181,319,715,205,815,670,280,784
data/test/images/1864.png,90,314,766,93,958,680,282,901
data/test/images/1874_2.png,72,299,825,52,1000,670,275,918
data/test/images/1875.png,60,297,808,55,1000,666,259,908
data/test/images/1856_2.png,28,105,961,0,1000,841,140,963
data/test/images/1845.png,0,391,745,0,1000,661,355,1000
data/test/images/1865.png,0,295,885,0,1000,741,233,1000
data/test/images/1874.png,0,313,848,31,1000,746,234,1000
data/test/images/1876_4.png,48,318,862,55,1000,747,273,1000
data/test/images/1877.png,36,350,773,44,1000,672,297,979
data/test/images/1876_7.png,272,217,832,41,938,378,378,554
data/test/images/1886.png,222,348,724,196,853,620,352,773
data/test/images/1885.png,49,249,787,21,992,685,255,913
data/test/images/1883.png,32,303,840,54,1000,742,245,991
data/test/images/1882_2.png,37,294,850,31,1000,719,260,982
data/test/images/1881.png,25,329,828,53,1000,718,254,995
data/test/images/1880_2.png,44,331,872,71,1000,737,253,997
data/test/images/1880.png,0,296,866,9,1000,762,245,1000
data/test/images/1877_2.png,30,164,933,115,974,881,71,929
data/test/images/1895.png,76,251,876,36,1000,766,272,980
data/test/images/1894_2.png,88,281,833,61,1000,701,277,921
data/test/images/1894.png,0,295,866,9,1000,758,234,1000
data/test/images/1893_2.png,49,295,841,46,1000,725,263,975
data/test/images/1893.png,61,319,824,74,1000,712,265,956
data/test/images/1891.png,72,343,805,89,1000,677,276,931
data/test/images/1890.png,21,299,849,34,1000,742,247,1000
data/test/images/189-.png,45,293,888,30,1000,753,270,1000
data/test/images/1888.png,81,313,831,61,1000,711,300,963
data/test/images/1887_3.png,7,232,975,54,1000,804,145,982
data/test/images/1887.png,42,303,841,36,1000,715,269,983
data/test/images/1906.png,17,316,832,59,1000,761,239,1000
data/test/images/1905.png,5,273,888,0,1000,760,241,1000
data/test/images/1904.png,29,293,851,43,1000,752,244,1000
data/test/images/1903.png,46,308,817,63,1000,713,253,958
data/test/images/1902.png,21,312,832,57,1000,752,240,1000
data/test/images/1901.png,38,307,842,45,1000,724,259,986
data/test/images/1900_2.png,0,287,872,7,1000,759,228,1000
data/test/images/1900.png,23,302,858,30,1000,740,255,1000
data/test/images/1896.png,0,251,861,34,1000,809,196,1000
data/test/images/1895_2.png,15,295,823,38,1000,725,233,982
data/test/images/1917_4.png,3,303,846,19,1000,739,245,1000
data/test/images/1917_3.png,190,395,723,218,870,660,338,838
data/test/images/1917_2.png,5,314,830,36,1000,744,244,1000
data/test/images/1917.png,34,288,843,36,1000,735,251,987
data/test/images/1915.png,0,300,855,15,1000,733,221,1000
data/test/images/1912_2.png,188,412,655,238,796,617,330,791
data/test/images/1912.png,1,376,951,0,1000,602,283,1000
data/test/images/1907_3.png,44,288,846,44,1000,729,253,974
data/test/images/1907_2.png,31,304,860,23,1000,730,271,1000
data/test/images/1907.png,18,300,843,42,1000,755,241,1000
data/test/images/1906_2.png,180,341,726,175,874,659,327,826
data/test/images/1923_4.png,0,262,883,0,1000,755,225,1000
data/test/images/1923.png,224,366,719,213,846,626,351,778
data/test/images/1922_4.png,149,350,758,153,923,663,314,861
data/test/images/1922_2.png,21,297,846,33,1000,732,245,996
data/test/images/1921_2.png,55,335,812,81,1000,732,274,986
data/test/images/1921.png,59,312,818,68,1000,722,269,966
data/test/images/1920_3.png,57,333,826,85,1000,735,266,983
data/test/images/1920_2.png,32,340,819,91,1000,766,246,1000
data/test/images/1920.png,15,307,831,31,1000,734,252,1000
data/test/images/1918.png,33,287,829,17,1000,701,265,971
data/test/images/1937.png,14,307,854,28,1000,737,249,1000
data/test/images/1936_2.png,12,93,885,16,965,924,92,1000
data/test/images/1931.png,23,255,875,38,1000,787,214,1000
data/test/images/1929.png,0,269,852,3,1000,756,232,1000
data/test/images/1926.png,58,300,861,41,1000,725,279,984
data/test/images/1925_3.png,3,280,883,0,1000,754,243,1000
data/test/images/1925_2.png,21,277,881,13,1000,749,247,1000
data/test/images/1924_3.png,0,290,852,31,1000,773,220,1000
data/test/images/1924_2.png,67,307,832,74,1000,733,268,966
data/test/images/1924.png,113,354,757,135,944,684,300,903
